97|1|6/6/2022|1|0|
97|2|6/6/2022|1|0|
97|3|6/6/2022|1|0|
97|4|6/6/2022|1|0|
97|5|6/6/2022|1|0|
97|6|6/6/2022|1|0|
97|7|6/6/2022|1|0|
97|8|6/6/2022|1|0|
97|9|6/6/2022|1|0|
97|11|6/6/2022|1|0|
97|12|6/6/2022|1|0|
97|13|6/6/2022|1|0|
97|14|6/6/2022|1|0|
97|15|6/6/2022|1|0|
97|16|6/6/2022|1|0|
97|17|6/6/2022|1|0|
97|18|6/6/2022|1|0|
97|19|6/6/2022|1|0|
97|20|6/6/2022|1|0|
97|21|6/6/2022|1|0|
97|22|6/6/2022|1|0|
97|23|6/6/2022|1|0|
97|24|6/6/2022|1|0|
97|25|6/6/2022|1|0|
97|26|6/6/2022|1|0|
97|27|6/6/2022|1|0|
97|28|6/6/2022|1|0|
97|29|6/6/2022|1|0|
97|31|6/6/2022|1|0|
97|32|6/6/2022|1|0|
97|33|6/6/2022|1|0|
97|34|6/6/2022|1|0|
97|35|6/6/2022|1|0|
97|36|6/6/2022|1|0|
97|37|6/6/2022|1|0|
97|38|6/6/2022|1|0|
97|39|6/6/2022|1|0|
97|40|6/6/2022|1|0|
97|43|6/6/2022|1|0|
97|44|6/6/2022|1|0|
97|45|6/6/2022|1|0|
97|46|6/6/2022|1|0|
97|47|6/6/2022|1|0|
97|48|6/6/2022|1|0|
97|49|6/6/2022|1|0|
97|50|6/6/2022|1|0|
97|51|6/6/2022|1|0|
97|52|6/6/2022|1|0|
97|53|6/6/2022|1|0|
97|54|6/6/2022|1|0|
97|55|6/6/2022|1|0|
97|56|6/6/2022|1|0|
97|59|6/6/2022|1|0|
97|60|6/6/2022|1|0|
97|65|6/6/2022|1|0|
97|66|6/6/2022|1|0|
97|69|6/6/2022|1|0|
97|70|6/6/2022|1|0|
97|71|6/6/2022|1|0|
97|75|6/6/2022|1|0|
97|85|6/6/2022|1|0|
97|86|6/6/2022|1|0|
97|88|6/6/2022|1|0|
97|93|6/6/2022|1|0|
97|94|6/6/2022|1|0|
